noise:
Noise = [30, 60, 90, 150, 210, 300];
BSN = [7,6,5,4];
R = 3000;
CalNum = 10000;

crlb:

15.52	33.606	54.572	90.293	125.61	179.38
19.124	38.196	57.658	86.663	126.86	190.87
22.977	46.098	62.786	114.48	165.26	255.13
27.146	36.668	74.611	111.4	154.97	262.07


chan:

20.22	40.167	59.867	98.46	136.59	194.56
24.52	48.575	72.956	117.24	163.18	222.76
27.288	54.425	80.332	132.67	181.39	256.3
31.732	67.147	105.17	185.69	266.25	392.58


si:

24.711	48.99	73.973	124.55	172.68	247.64
29.448	58.14	87.37	145.97	205.39	293.43
38.427	76.548	114.18	191.39	270.08	381.53
59.975	120.26	180.3	303.26	437.54	648.64



taylor:

20.629	40.998	62.018	103	143.29	208.03
24.836	50.133	75.028	124.44	176.31	248.01
27.924	55.927	85.484	141.3	199.94	285.85
28.579	57.811	88.945	151.93	222.84	328.97



